Size Insertion Heap Quick RadixLSD Hybrid InsertionSorted HeapSorted QuickSorted RadixLSDSorted HybridSorted InsertionEqual HeapEqual QuickEqual RadixLSDEqual HybridEqual InsertionReversed HeapReversed QuickReversed RadixLSDReversed HybridReversed
10 632 1185 1029 3632 599 166 876 397 2214 176 167 440 422 2181 172 667 635 422 2171 674
20 1486 3111 2196 5104 1460 248 2202 715 5025 256 244 727 896 2709 257 2049 1719 790 4974 2072
30 2397 4278 3164 5577 2430 309 3289 1038 5516 318 309 905 1337 2962 315 3724 2681 1106 5460 3808
40 3435 5551 3917 5908 3484 352 4550 1245 5850 364 355 1036 1604 3155 361 5632 3526 1272 5788 5770
50 4356 6288 4378 5926 4430 367 5384 1370 5873 374 367 1086 1831 3182 375 7383 4215 1384 5801 7503
60 5269 6997 4789 5860 3994 369 6167 1556 5822 644 368 1144 2005 3151 635 9190 4735 1537 5765 637
70 6250 7502 5119 5802 4268 386 6653 1576 5763 644 383 1152 2042 3163 644 10919 5367 1577 5726 639
80 7340 8102 5489 5971 4513 394 7379 1650 5889 661 392 1214 2221 3227 667 13016 5929 1659 5824 667
90 8774 9003 6090 6202 4972 418 8265 1899 6173 698 415 1309 2456 3511 712 15740 6900 1890 6140 721
100 10382 10152 6787 8990 5529 460 9466 2097 6626 754 456 1415 2707 3627 771 19020 7592 2114 6568 774
200 37662 23031 14522 16702 12155 849 22479 4534 16710 1876 845 2682 5776 6379 2082 71377 18640 4603 16611 1973
300 81473 37441 22903 23878 19376 1259 35628 7299 24158 3495 1257 3977 9166 9216 3928 158647 31136 7472 23747 3650
400 143545 52690 31699 31276 27160 1665 48794 9926 31362 4564 1660 5420 12648 12197 5220 280866 44105 10034 31297 4782
500 225316 69083 41138 39066 35583 2107 63660 13207 39077 7095 2094 6678 16413 15047 8112 441927 58036 13477 39038 7362
600 319523 85097 50242 46304 43575 2649 77742 16144 46683 8300 2484 7953 20257 17774 9630 632769 72455 16131 46177 8612
700 440325 102052 60702 53946 52595 2942 92984 18819 54154 9659 2912 9443 23864 20834 11174 864166 87214 18707 53846 10011
800 564942 117919 68893 61224 60382 3332 106560 21704 61056 10937 3304 10560 27682 23600 12557 1117556 100057 22017 61001 11272
900 713913 134407 79237 68471 69948 3750 121561 24888 68783 14837 3733 12068 31272 26524 16993 1414911 115426 25232 69000 15245
1000 880425 151884 89692 92228 79367 4160 136457 28491 75902 16153 4318 13297 35732 29730 19081 1745545 128150 28682 75408 16702
1100 1070872 170406 100023 110144 88242 4581 152660 31099 110313 18004 4573 14867 39409 32393 20662 2126260 144129 31639 110387 18487
1200 1289740 190797 111224 120429 99000 5047 170849 35184 120779 19703 5085 16163 44445 35527 22442 2559798 160681 35399 120810 20248
1300 1480994 204913 119204 127843 106384 5365 182681 36663 128750 20777 5331 17283 46752 37761 23989 2940227 172570 37152 127609 21413
1400 1723872 222122 129416 138051 115362 5807 197035 40009 138294 22185 5780 18489 50652 40766 25896 3421795 186954 40438 138025 23083
1500 1962107 240307 138274 147220 124612 6192 211413 44187 147173 23590 6145 19684 54843 43355 27767 3901970 201499 44767 146901 24329
1600 2248675 261516 150918 157919 135450 6644 228882 46693 159440 25166 6626 21224 59885 47386 29533 4485049 215886 47752 158781 26310
1700 2550651 278699 161780 169624 145066 7154 250589 51353 168937 32205 7032 22975 65208 49682 36688 5079192 234847 53336 168631 32733
1800 2871511 298523 172409 178024 154380 7478 262109 53946 178518 33620 7440 24020 67924 52608 39182 5695213 249775 54493 178584 34570
1900 3264733 321964 186003 192412 167675 7937 279320 59727 190313 35732 8193 26667 76327 56163 41709 6405274 265825 60351 191345 36771
2000 3492233 332652 191646 196352 173180 8372 287786 61273 196288 36748 8236 26337 76878 57832 42831 6954239 277286 62084 195951 37748
2100 3845123 353068 202262 205910 183347 8657 307601 62176 206367 38517 8769 27639 78929 60821 44877 7665741 293640 63505 205547 39376
2200 4220327 371878 212067 215023 192199 9084 325309 65957 215662 39986 9039 28958 83631 63973 46866 8404837 308019 67084 215112 41356
2300 4616398 392236 223806 225235 202954 9597 341940 68571 225767 41847 9468 30341 86546 66545 48967 9206039 324517 69807 224972 43384
2400 5031638 411003 233909 234704 212693 9911 358876 74376 235987 43460 9864 31686 93520 69536 50842 10023649 340592 75027 234505 44858
2500 5491078 431750 245897 246073 223964 10382 375821 77315 246074 45436 10339 33117 97784 72701 53383 10931705 357892 78152 245580 46860
2600 5884451 446917 254828 254565 231704 10731 389739 78919 254728 46772 10694 34231 100733 75434 55178 11744124 373031 79927 253983 48402
2700 6345609 465480 265922 263620 240845 11127 403979 82510 264134 48472 11092 35542 105720 77824 57172 12643961 389619 83921 263875 50151
2800 6852395 487437 278442 274881 253244 11555 421989 85957 274303 50320 11522 37004 108705 80934 59605 13638531 403599 86834 274207 52199
2900 7422900 511650 291132 286335 265660 12070 441551 91162 286989 52368 12018 38576 116079 84505 61837 14763642 424945 92139 285781 54142
3000 7949560 530502 301766 295378 274933 12483 458379 96097 296228 54331 12573 39934 119328 87490 63917 15799172 438352 97079 295210 56497
3100 8426732 551094 312875 305254 284314 12862 474767 97737 305463 55701 12811 41114 122914 90008 65646 16815933 453178 99361 305282 57603
3200 8900622 564245 320869 312928 292908 13185 486531 99853 312726 56994 13184 42143 127576 92622 67409 17786859 464952 101601 312221 58904
3300 9538392 588592 334849 323417 304227 13707 506597 103979 324430 64338 13617 43690 131669 95554 75809 19020810 485537 105948 323236 66315
3400 10130472 610108 345845 334077 314404 14101 525369 108554 334283 70782 14114 45445 138801 99072 83215 20205804 501462 110768 334175 72875
3500 10703884 630505 357852 344340 325475 14488 540459 112720 344336 72966 14444 46403 142059 101609 85496 21387829 519787 114541 344884 74943
3600 11496418 660325 375794 360191 340576 15202 564199 115468 358475 75153 15052 48509 146035 105357 88665 22859089 540018 118761 358325 78592
3700 12164485 678965 387855 368414 353673 15897 582363 124175 371033 77029 15599 49663 154379 109793 91356 24260064 559491 126047 368956 79785
3800 12881379 717275 401252 379884 363410 15959 598570 126968 378936 79174 15849 51577 159614 112474 93446 25750757 575124 129544 380554 82651
3900 13522735 721519 409567 390487 374208 16393 616384 131223 389493 81363 16410 52802 162666 116819 96126 26990987 589957 133027 388852 84592
4000 14189659 744337 421839 398987 388248 17075 637940 132097 398089 83442 16776 53796 165752 117200 98255 28337442 607670 134539 398837 85940
4100 14825746 758295 427080 406120 390839 17099 644668 131715 406482 84832 17295 54935 171691 119871 100053 29586950 617841 134411 406081 87495
4200 15584664 778076 439594 415507 402992 17545 663589 134956 417287 87165 17450 56206 171911 122951 102445 31052452 636029 137538 415709 89154
4300 16320735 800333 450150 425642 414539 17935 681937 139276 425991 88741 17881 57389 177145 126392 104916 32545396 653505 141262 424796 91562
4400 17070177 819179 462628 434938 423982 18343 697325 142704 435191 90603 18308 58960 181835 128660 107729 34084272 669192 145170 434554 93122
4500 17860188 840111 475649 447426 434802 18780 715342 147247 447306 92555 18739 60237 185769 131629 109522 35685902 688348 149219 446876 95439
4600 18653827 862282 483762 454642 444026 19159 734619 148457 455359 94501 19126 61540 187872 134406 111812 37249927 703024 151968 455994 97209
4700 19511981 881315 496106 465542 455063 19629 750455 154950 465760 96368 19547 62847 195589 137804 114914 38905191 720744 157922 464943 99771
4800 20309066 903735 510131 477571 467490 20365 771041 160514 475322 98194 19967 64142 202155 140379 116230 40547565 736010 162911 474088 101151
4900 21187711 925500 520967 485865 478159 20539 789932 163081 485048 100282 20416 65725 206027 143949 119584 42290270 756960 165684 485069 103328
5000 22185965 945205 532207 496135 490750 20891 805065 166426 495027 102175 20802 67147 211258 146350 121426 44091548 769662 169051 494908 105467
5100 22956887 966224 543445 503422 498642 21622 821022 166495 505712 104439 21307 68151 215346 148955 123696 45777843 787184 169833 503200 107089
5200 23817873 988895 555156 515885 510306 21654 842995 171368 515684 106135 21634 69405 218979 152465 126220 47592942 805820 174030 512907 109554
5300 24858728 1011397 566205 525376 519918 22101 859815 176405 525384 108217 22073 70905 224012 154850 128482 49505415 822663 178329 523326 111360
5400 25754859 1032423 576087 534908 531685 22500 875642 178466 534401 109864 22444 72088 228946 157648 131232 51325257 839725 181221 532644 113263
5500 26658894 1051342 590114 547186 542086 23043 895608 183608 582424 112190 22859 73492 232926 160607 133253 53321440 856895 186140 543766 115157
5600 27675340 1073611 602812 556611 552701 23384 912396 185351 553917 114233 23294 75088 235622 163465 135649 55225561 875378 188441 554491 117659
5700 28753184 1099455 617347 566595 567533 23792 934841 190241 567317 116300 23732 77024 242422 166915 137934 57396170 892210 193047 563572 119568
5800 29772484 1119773 629100 576195 578558 24325 949370 196576 578139 118306 24533 78019 249689 169977 140639 59430569 911313 198653 575779 121986
5900 30851349 1140901 640988 585422 589635 25107 969228 199877 585656 120987 24535 78892 253382 173007 143370 61438689 927359 201677 584596 123169
6000 31814086 1160908 651810 592651 597448 25583 981521 205411 593008 122055 24945 80172 256525 175109 144938 63451670 944608 208595 594837 125777
6100 32892392 1183823 661201 604872 608623 25414 1004207 207278 604592 123746 25487 81509 260482 178236 147822 65654500 962716 211384 602992 127396
6200 33928835 1202151 674477 615376 621364 25814 1018230 209913 612673 125596 25767 82820 264966 180981 149476 67695499 974442 214460 613267 129234
6300 35083750 1225491 687969 625087 632018 26265 1043919 214994 625809 128233 26196 84421 270668 183874 152345 70233852 996659 220130 627634 132116
6400 36088386 1246331 696797 636760 644834 26894 1053835 215780 633191 129208 26594 85444 275363 186799 154560 72072064 1008303 218677 630931 133380
6500 37236606 1264903 708193 644442 651962 27081 1069445 221523 642354 131222 27038 86895 280540 189478 156623 74380240 1027118 224688 641531 135458
6600 38357750 1288856 720023 655045 661855 27502 1088434 224092 652064 144186 27470 88279 283033 192532 171036 76715976 1044064 227952 651613 147982
6700 39575216 1309714 730799 663795 675005 28000 1105018 228187 663467 154786 27845 89606 289072 195681 183182 79030495 1064233 231869 661477 159297
6800 40725778 1331323 744020 673574 683883 28299 1121673 233692 671317 157033 28264 91077 298040 198451 185629 81364829 1079090 237376 671547 161343
6900 41983721 1350591 753551 683531 696207 28761 1140004 237080 681025 159270 28671 92138 301106 201316 188479 83803637 1097295 240615 680331 163640
7000 43341661 1382857 775418 695723 712213 29325 1162628 244042 694696 162815 29166 98048 308289 204455 191468 86623735 1146947 250078 697525 166101
7100 44806485 1408818 795239 713192 723387 30260 1185442 245295 708542 165056 30006 96126 309072 208773 195555 89536438 1156184 252808 710434 169877
7200 45653763 1418755 790831 713643 729563 30050 1195802 246489 711906 165647 29968 96141 310320 210003 196256 91251750 1148848 249989 713417 170281
7300 46960992 1442629 802125 724270 740970 30381 1211738 255992 721571 168454 30360 97514 317911 213192 198616 93766449 1168633 259603 721435 172302
7400 48528002 1470075 825072 737356 757369 30877 1236650 263067 734959 171202 30869 100171 327457 217062 203114 97103632 1191309 267658 735265 176145
7500 49705512 1490114 831733 747572 766227 31265 1250399 265277 740927 173279 31211 100245 334470 218687 204120 99311932 1206869 270515 743647 177029
7600 51203335 1513337 846807 754630 779367 31774 1272010 269072 753306 175175 31819 102255 336354 222752 208165 102618202 1227167 272820 755098 179637
7700 52764055 1542192 863631 769592 794460 32297 1295372 274104 770521 179364 32185 104087 342627 226744 210825 105721811 1245632 278122 765259 182912
7800 54049299 1573970 878971 785975 808103 32853 1310070 277864 776190 179606 32609 104942 346005 228827 215262 107730491 1262139 282556 777018 184875
7900 55607933 1588800 891339 789298 817929 33216 1329264 280581 789218 183400 33077 107632 351797 233680 216758 111281171 1291119 286101 787138 188015
8000 57258504 1624614 921950 798382 829654 33726 1354627 285527 801926 184439 34299 108392 354008 235416 219324 113988023 1300671 287423 807578 192832
8100 57922498 1621109 903515 802667 832876 33847 1352448 281750 801359 185493 33814 108249 357777 236792 220453 115729437 1312373 287952 803726 190878
8200 59199604 1642386 914060 814119 843847 34231 1370447 281387 810893 187340 34110 109629 364087 239012 222694 118418798 1325906 286427 812424 192308
8300 60657874 1666303 921859 824429 855288 34619 1392239 284275 821032 190110 34634 110848 362999 242071 224886 121233247 1346812 289874 822077 194633
8400 62214800 1685620 935780 834119 865459 34961 1408243 287435 830041 191478 34939 112192 367405 244801 227818 124181123 1362835 293748 830222 197011
8500 63699500 1706704 946952 844185 875923 35469 1427125 292909 839690 194535 35571 113770 372175 248290 231118 127175084 1380120 297919 840971 199151
8600 65136292 1728009 957462 854052 887059 35853 1444874 296557 849714 196073 35720 114756 375496 250542 233258 130125293 1400239 301823 850157 200865
8700 66732245 1752113 972096 862127 897905 36228 1463468 297739 859339 198145 36450 116552 381783 254117 237694 133237876 1417457 304249 862690 203994
8800 68183312 1774140 985597 873182 909953 36717 1483810 304606 870815 201103 36648 117695 387927 256948 238522 136284188 1433863 310618 869941 206197
8900 69845467 1795255 997836 883362 923968 37116 1501808 310445 879244 202909 36978 119019 393336 259290 241370 139394971 1450664 316547 879558 207860
9000 71619213 1822839 1016012 895047 939950 37705 1526091 313635 893212 205670 37477 120403 396727 262810 243999 143396756 1475960 320833 890843 210549
9100 73228580 1848252 1030188 901937 949062 37970 1546416 318553 920861 209830 37917 122063 399595 267037 246509 146703217 1490959 323756 904346 213987
9200 74585651 1866149 1036081 918652 958649 38655 1558241 318280 909889 209241 38268 122812 400452 268153 249591 148971916 1508326 323622 914576 215080
9300 76524972 1892260 1053497 925595 973936 38849 1583786 325450 922312 211773 39136 125345 409419 273727 252784 153135469 1529959 330393 925035 217768
9400 78042843 1914001 1059352 935449 980842 39172 1597523 330875 932177 215167 39134 125883 416647 275371 255398 155890169 1551927 338159 934641 219472
9500 80067308 1938116 1080165 947734 997463 40015 1619405 336459 941703 215535 39619 128744 424420 279133 257038 159524346 1566073 344491 948312 223295
9600 81696999 1965260 1095369 955177 1011752 40210 1640372 342743 954408 218352 40334 130645 432089 281891 259947 163288923 1583268 348776 961651 225164
9700 83282443 1987864 1101327 969271 1019324 40600 1656386 343878 964126 222029 40404 130625 435464 285365 264154 166376979 1600948 353135 969828 227097
9800 84855837 2005570 1113772 978389 1033050 40865 1677808 347992 972817 222923 41241 132174 442278 292350 268980 169545211 1619881 354394 975836 235144
9900 86415039 2026646 1123714 981740 1040705 41241 1707445 352433 979393 224899 41224 132362 444498 288919 268278 172578453 1632008 357949 982176 230313
10000 88099639 2047184 1134797 1166767 1053552 41822 1711403 354406 989604 226611 41612 133507 448839 291272 271280 176214629 1650472 360070 994044 232456
