Size Insertion Heap Quick RadixLSD Hybrid InsertionSorted HeapSorted QuickSorted RadixLSDSorted HybridSorted InsertionEqual HeapEqual QuickEqual RadixLSDEqual HybridEqual InsertionReversed HeapReversed QuickReversed RadixLSDReversed HybridReversed
10 669 1838 810 4542 712
20 920 3650 1078 7926 952
30 1267 5486 1993 10021 1298
40 1441 7040 2053 9745 1466
50 1773 9568 2579 11242 1792
60 1897 11312 2998 11435 1249
70 2026 12564 3246 11849 1303
80 2245 15203 3641 12969 1412
90 2210 15184 3835 12312 1355
100 2347 17442 4094 12830 1475
200 4065 38490 7972 29684 3334
300 5237 53688 11009 36611 5348
400 5821 62833 12577 39959 5849
500 6289 70602 14226 43088 7746
600 6985 79742 16045 47601 8452
700 7901 92187 18152 53201 9457
800 9033 107122 21258 60575 10757
900 10158 122278 24241 68042 14622
1000 11377 136906 27761 75343 16042
1500 16903 213913 43708 146505 23422
2000 22539 291988 60276 195289 36357
2500 28217 373027 75974 243342 44830
3000 33965 456839 94139 292653 53566
3500 39842 544017 111621 342910 72535
4000 45355 623834 130154 390359 81537
4500 50951 708734 144624 436664 91119
5000 56318 793730 163304 484094 100144
5500 62330 884112 180041 534857 110285
6000 68824 984765 204109 591299 121445
6500 73806 1056155 217756 632615 129636
7000 79970 1155714 239162 686911 160955
7500 84497 1227261 259681 724993 169344
8000 90595 1317859 277771 775676 180091
8500 97785 1430557 291595 839047 193773
9000 102121 1507139 308839 875889 202077
9500 108482 1608573 333287 930479 214068
10000 113784 1694136 349340 972810 223719
11000 125587 1885481 386162 1326654 246244
12000 135712 2052739 426688 1431267 264205
13000 146629 2238614 460860 1550876 286468
14000 160456 2459034 508986 1694845 352634
15000 169783 2619384 553476 1797551 371296
16000 183562 2835903 595798 1939498 399426
17000 191853 2994027 611253 2037988 417595
18000 206403 3236793 664035 2189787 447687
19000 215540 3397475 703814 2289725 465864
20000 226914 3586753 743677 2408173 489073
