Size Insertion Heap Quick RadixLSD InsertionSorted HeapSorted QuickSorted RadixLSDSorted InsertionEqual HeapEqual QuickEqual RadixLSDEqual InsertionReversed HeapReversed QuickReversed RadixLSDReversed
100 26549 25074 20980 21253 1168 23196 16365 16362 1163 3607 7431 9079 48919 19140 16617 16422 
200 54062 32898 25907 24062 1222 31266 19281 24013 1220 3832 8819 9183 103460 26371 19384 23814 
300 84383 38574 29272 24664 1288 36763 21420 24735 1283 4095 10120 9421 163767 32101 21280 24438 
400 144705 53119 39183 31376 1667 49480 28076 31440 1667 5330 13542 12126 283476 44588 27994 31434 
500 225248 68866 50076 38956 2084 63368 35762 38894 2079 6614 17294 14968 439736 58025 35477 38653 
600 322680 84667 61197 46289 2490 77846 43366 46216 2485 7931 21557 17882 633209 72768 42589 46169 
700 443623 103314 73987 55603 3092 94624 52432 54800 2939 9557 26468 21116 873077 89386 52093 54494 
800 567716 118755 83942 61035 3313 108116 59457 61330 3308 10575 29533 23589 1122650 100953 58666 61004 
900 716741 134704 95292 68368 3710 121608 67753 68669 3717 11874 32807 26446 1415310 115639 66339 68203 
1000 886852 153905 107353 89842 4165 137987 75717 76417 4151 13242 37686 29472 1761276 129870 74641 76289 
1100 1071634 171069 119062 109231 4546 153256 83219 109183 4597 14684 41490 32344 2121842 144432 81924 108809 
1200 1278092 189640 130985 119352 5008 169746 92779 119647 4997 15977 46651 35533 2539381 160645 90304 119411 
1300 1499137 206882 142720 128908 5386 184674 100965 128651 5390 17198 50836 38098 2961807 174826 98407 128306 
1400 1740485 225209 155458 139392 5820 201061 109887 139532 5808 18599 55387 41112 3455273 190098 107108 138780 
1500 2038957 247291 169076 149485 6245 217544 117961 149458 9157 20039 59959 44634 4022564 206933 116882 149917 
1600 2271004 261995 179188 158732 6660 232001 125703 159088 6672 21289 63280 47045 4516459 221158 123222 158726 
1700 2562516 282539 191664 168631 7070 249624 133877 169248 7068 22740 68517 49942 5106823 236342 130719 168920 
1800 2869817 303185 203704 179152 7474 265068 141243 178263 7467 24098 71351 52914 5708772 252159 137948 178569 
1900 3234423 322953 217936 191336 7954 284228 152428 189930 7943 25393 78125 56024 6405677 268792 147276 189320 
2000 3544091 340148 231895 199071 8325 293425 159505 197987 8324 26895 80787 59593 7065451 282723 155540 197966 
2100 3919424 359334 241090 208909 8737 311533 168248 208519 8755 27961 84638 61865 7804275 298960 165098 209253 
2200 4319221 380574 257321 218601 9178 329622 177270 218262 9198 29654 89685 65017 8612024 315458 172499 221774 
2300 4761087 402441 271260 230995 9692 349339 188803 231103 9656 31216 94925 69087 9463118 336328 183159 231889 
2400 5234444 424394 288646 246017 10270 371812 200380 243118 10188 32959 101506 72221 10469346 355859 195790 242562 
2500 5811440 454770 304710 260980 10711 392045 210985 254817 11349 34539 107660 75844 11542006 373994 205387 257122 
2600 6076993 461931 309609 261075 10966 401314 213239 260640 10980 35119 109474 77090 12100417 384721 207242 262565 
2700 6513791 478138 320234 269232 11387 414479 220164 269032 11308 36390 114861 81947 13000851 398535 214237 268806 
2800 7025398 501204 333693 283748 11742 442752 230647 280762 11748 37906 119385 82579 14123497 412126 222822 279091 
2900 7489972 517474 348042 287975 12165 447405 235995 288220 12125 38834 124845 85738 14941635 429732 230379 288498 
3000 8070158 543534 362867 300852 12752 469152 246560 300122 12832 40452 128841 89265 16188708 447290 242254 300792 
3100 9009180 580385 383220 323427 13429 512625 265615 326404 13375 43099 137590 95277 17909985 487556 261210 324511 
3200 9439622 596508 398356 335064 14472 514585 271594 333860 13703 44043 142170 97727 19009007 497705 267235 333646 
3300 9645442 598811 394907 326544 13749 515898 268476 327018 13801 44069 140231 97257 19253964 492058 260271 326529 
3400 10230025 614875 406990 337320 14150 530840 275712 337832 14143 45332 146885 99950 20414217 506871 268463 335823 
3500 10842057 637781 421059 347074 14605 548596 286586 348600 14572 46709 149671 103172 21700017 525329 279391 346342 
3600 11694010 662611 437019 359923 15105 569996 298645 359299 15065 48305 153676 106257 23264913 544451 292425 359409 
3700 12301495 681789 447777 367866 15447 582591 303638 367649 15464 49429 161018 108591 24418212 559810 296882 366617 
3800 12856205 721659 461044 377133 15884 601235 311425 377115 15841 50946 165732 111868 25894149 573987 303117 376152 
3900 13536710 722688 474334 386558 16304 617677 320777 387157 16402 52096 170769 114762 26997906 594509 313800 388146 
4000 14353187 743705 488377 398636 16722 634686 330714 397092 16690 53556 192650 118826 28503338 606833 320607 400330 
4100 14927047 775361 500821 406416 17090 649163 336522 405312 17211 54823 180515 120608 29773312 622082 329846 405448 
4200 15637988 780442 510883 415034 17501 666070 341238 414906 17462 56022 182721 123741 31184971 641143 335687 416115 
4300 16382586 801911 523472 426804 17894 684365 351585 424315 17934 57346 189379 125937 32713367 657227 345142 426089 
4400 17128875 826318 538313 435648 18304 703621 361035 435244 18850 58686 192945 129259 34245043 674345 354864 435865 
4500 18015918 850780 553721 449534 18929 724132 370307 447959 18777 60948 197523 132649 36013795 695225 364852 448272 
4600 18946090 868074 570985 455347 19512 750082 385435 456659 19220 61915 199985 134984 37692997 712216 372847 457032 
4700 19612887 887885 577854 465588 19600 756062 382859 466183 19622 62890 206173 137965 39206162 726862 382247 466304 
4800 20438297 909530 591707 474744 20021 774446 393320 475539 19958 64187 213894 140897 40800253 740483 385752 474439 
4900 21163373 927328 602536 489049 20401 791460 403705 484646 20355 65211 217016 143944 42344603 757472 394402 482957 
5000 22146408 949039 616852 493752 20852 807892 411711 493931 20779 67246 222779 146188 44238920 772898 402078 493692 
5100 23092447 972222 632068 504457 21420 827281 418508 504855 21217 68701 228070 149820 46416976 794694 414100 503419 
5200 23938195 988875 644770 513643 21624 842903 424387 514799 21685 69469 233026 152267 47757454 844425 417849 513093 
5300 24745668 1009126 654167 521603 21992 857537 430987 522259 22033 70776 237845 154919 49460914 825292 424482 521548 
5400 25717282 1030773 670323 531846 22471 877258 441805 531949 22419 72042 243636 157393 51405096 841948 434578 531830 
5500 26963127 1060137 687446 546252 23216 905807 455232 545004 23119 73907 250326 162076 53818682 876639 450801 550148 
5600 27927002 1083575 699214 555564 23587 921572 463959 555382 23891 75406 254165 165178 55843957 882880 459735 557785 
5700 28903736 1103211 713117 564549 24459 938569 469988 564876 23902 76406 259152 167714 57772341 895697 463309 564465 
5800 29817032 1124423 725269 574083 24182 954045 477530 573376 24202 77625 265904 170866 59564955 914267 473553 575752 
5900 30849536 1145469 739112 582947 24588 969869 483485 583771 24596 78614 269272 172320 61519638 932186 482276 583022 
6000 32514869 1194342 771017 601445 26276 1008457 546625 607484 25446 81056 274182 176702 65371559 956423 494554 599741 
6100 33824381 1237970 786647 617947 26150 1027755 515587 623749 26433 84803 281007 181966 67573293 987578 507389 616119 
6200 33958669 1203550 774744 610481 25789 1021262 509186 611664 26055 82570 279846 182207 67789822 980079 503014 610704 
6300 34959644 1226794 789059 622177 26502 1039800 521275 620446 26137 83810 283790 184190 69882272 997059 512398 622861 
6400 36118556 1245652 800541 630342 26641 1054556 527813 629579 26661 85209 290050 186681 72126696 1011353 519956 630038 
6500 37257933 1267940 813679 642353 26978 1073123 534701 640143 26951 86385 294900 189254 74387631 1032958 528871 638934 
6600 38419540 1292169 828092 652201 27411 1093104 543558 650174 27501 87857 298916 193042 76748352 1048897 536543 650527 
6700 39581196 1313459 839764 660053 27882 1109494 550985 658762 27817 89477 305557 195653 79043296 1064294 542053 658136 
6800 40813212 1335750 857664 671750 28232 1127665 560922 671495 28271 90417 312830 199155 81410152 1081260 553539 668685 
6900 42034182 1357720 867082 680801 28727 1146236 572685 680842 28702 91860 316889 202402 83985956 1103206 564650 682822 
7000 43458104 1408899 893169 699964 29199 1172391 583577 692862 29200 95298 322104 205672 87098652 1129877 576069 694889 
7100 45446127 1428242 915982 710291 29934 1202444 598933 714628 30112 96969 335765 211170 91185887 1167315 597476 718037 
7200 46806460 1453533 927472 727325 30244 1227246 613031 721781 32948 96758 334448 215718 93912436 1176139 610609 730768 
7300 47577389 1460655 928548 732367 30620 1235730 611474 733664 30680 102787 339087 215342 95312104 1187524 603412 733979 
7400 48258588 1467119 932469 732833 30713 1233764 609815 729786 30786 98727 340657 215760 96390987 1189757 605234 730549 
7500 49590810 1488045 950308 742480 31120 1249552 621199 741207 31115 99944 350950 218993 99045340 1204950 612934 739310 
7600 51000151 1509655 964401 754817 31608 1269042 626651 748212 31651 101250 357232 227012 102230301 1226272 621871 749352 
7700 52248659 1536028 977335 762783 32004 1286835 637319 758291 32054 102942 358262 224919 104611694 1240011 631900 763137 
7800 53582408 1555255 992611 774956 32765 1303121 644822 768576 32430 103670 361544 227412 107092236 1260459 637759 772477 
7900 54958787 1577250 1002313 780740 32849 1321074 653111 778305 32752 105024 366310 230450 109834852 1276412 646584 782429 
8000 56433377 1601202 1018044 791531 33199 1337839 659633 788375 33231 106484 371204 233683 112687623 1294251 654576 787696 
8100 57775050 1623098 1030539 801205 33705 1356538 667594 798069 33621 108018 373568 235999 115476716 1310308 664856 801420 
8200 59160897 1644352 1046157 813590 34031 1373192 678385 808227 34049 108879 381127 239147 118351435 1327185 673884 809291 
8300 60705600 1671487 1059476 821862 34461 1394464 688627 817437 34407 110447 382427 243788 121302405 1343257 680269 819823 
8400 62173036 1688872 1074852 828558 34992 1411905 697304 827738 34881 111771 385461 244748 124147374 1363215 691442 829286 
8500 63606828 1714242 1087861 841049 35244 1430534 703926 836893 35272 113139 391337 247840 127154374 1383025 698781 840031 
8600 65142882 1734604 1101028 849615 35701 1449189 710925 846823 35729 114320 395728 251124 130203765 1403862 705189 852650 
8700 66980323 1764952 1114881 868410 36119 1478736 724486 860447 36221 115912 401058 254820 134213320 1426340 726436 860335 
8800 69191490 1807413 1143446 872926 36847 1498360 739991 874427 36792 118966 412937 259003 138570022 1463361 741711 886084 
8900 70016613 1805565 1142372 879602 37027 1508956 742044 879635 37298 118559 414839 260177 140008049 1454326 737465 881078 
9000 71561350 1825341 1161527 893875 37464 1531703 748580 891158 37369 119862 416552 262452 142918954 1477161 744159 888203 
9100 73833154 1864899 1179270 904369 37952 1549247 756359 898942 38309 121356 418864 269155 146239570 1491359 751943 899487 
9200 74817756 1871859 1185719 910494 38212 1566382 769465 910104 38363 122584 421900 270382 149916512 1521827 761798 913590 
9300 76452815 1891830 1206418 922149 38759 1585349 773725 923339 38800 124037 428094 271923 152774683 1529026 773639 919417 
9400 78719991 1944364 1229711 942093 39393 1669172 804770 935255 39352 126532 442075 277939 157728097 1571199 792523 954238 
9500 80499296 1966264 1253108 947365 42617 1634141 797774 944562 39825 128382 451656 279028 161073572 1581695 797867 949825 
9600 84365427 2054359 1296420 978404 40649 1673402 821359 963909 43089 131656 483488 301310 169517486 1618987 828067 1003180 
9700 85960535 2053215 1281333 977534 41995 1695198 829420 993753 41667 133101 463886 296082 171314695 1669123 826797 976732 
9800 85425565 2018654 1272671 969604 41060 1678164 819610 971120 40811 131321 461439 287331 170407392 1636112 820414 970510 
9900 86532035 2027014 1284435 976664 41167 1696840 827222 975903 41337 132006 466044 289610 172953573 1637668 819833 977637 
10000 88383951 2050193 1295156 1135171 41704 1715092 835537 991320 41648 133638 471494 293438 176627341 1656710 831305 991838 
