Size Insertion Heap Quick RadixLSD InsertionSorted HeapSorted QuickSorted RadixLSDSorted 
100 29405 27631 18025 23802 1345 25300 5790 18934 
200 72817 44054 27486 32372 1731 41730 8541 32303 
300 103817 46865 28865 30487 1688 44325 9168 30307 
400 148682 53763 32024 32214 1817 50233 10098 32163 
500 227373 68671 40655 39291 2243 63714 13151 39240 
600 395079 93119 54849 71340 3451 100492 19858 57674 
700 433550 100622 58565 53379 3092 93010 18380 53477 
800 596596 122561 70605 62686 3640 111494 22032 63242 
900 721111 135297 79148 68836 4057 123753 24641 69012 
1000 895326 154632 89517 92194 4476 139697 28827 77209 
1100 1092328 172583 100358 111253 4961 156147 31432 111406 
1200 1287377 190814 110180 120518 5399 172247 35119 120704 
1300 1508377 208619 119512 129774 5829 187804 37227 130148 
1400 1751558 225510 130721 140395 6274 202222 40704 140489 
1500 2021865 245392 141178 150510 6745 218012 45193 152072 
1600 2290342 263994 151612 160404 7176 235760 47459 160416 
1700 2589447 284731 161990 171283 7802 251936 51902 170721 
1800 2900019 302400 173210 181187 8101 268293 54332 181333 
1900 3238979 323037 185116 190744 8556 284874 59529 191080 
2000 3561630 340106 194934 199852 8955 300341 62056 200980 
2100 3946947 359801 207144 210235 9427 317855 63764 210275 
2200 4319678 378920 216927 219354 9836 332740 67505 220224 
2300 4727621 401009 227683 230101 10491 351311 70130 231796 
2400 5146782 417705 237303 240492 10835 366097 76214 239552 
2500 5576471 436914 250266 249703 11219 379887 79045 250412 
2600 6041104 457618 261378 260560 11691 399503 80826 260817 
2700 6518237 477389 272554 268839 12114 415514 83895 270172 
2800 6969051 496678 282864 279253 12564 432182 87711 278996 
2900 7467602 514002 293388 289104 13052 448307 92084 288854 
3000 8010796 535623 304310 298581 13436 465655 96690 298839 
3100 8538994 556165 315304 308325 13918 481604 99177 308814 
3200 9115599 574435 325727 318322 14311 497858 101235 318208 
3300 9670968 595356 338654 328145 14807 515934 106067 328865 
3400 10258824 614924 350045 336862 15197 532779 109782 337449 
3500 10914920 636670 360445 348458 15650 549689 113818 347625 
3600 11557852 660527 373875 359609 16192 569436 116053 359414 
3700 12141639 678612 384724 367612 16554 582155 123495 367790 
3800 12800804 695369 393959 377095 16999 597915 126745 377470 
3900 13480472 718264 405662 388101 17465 615161 131772 387025 
4000 14136361 738439 416570 396196 17881 631087 132343 396999 
4100 14949275 763862 432822 406879 18415 650621 132816 407606 
4200 15645834 782499 440047 416379 18795 667887 136394 416543 
4300 16352030 807272 453307 426312 19237 686367 141965 428637 
4400 17149298 822834 462956 436885 19761 703951 143652 435935 
4500 17917671 844656 474687 446222 20135 723261 149937 446583 
4600 18728637 867993 487271 457669 20592 740968 149776 456117 
4700 19590682 885484 498972 466644 21018 755947 156564 466842 
4800 20430005 907748 509121 476567 21487 777790 161779 476692 
4900 21304512 925729 521356 486311 22190 790650 164523 486340 
5000 22136171 948833 532959 496734 22410 809524 167767 495348 
5100 23044620 970061 544983 504865 22806 825077 168090 504560 
5200 23939033 991071 557105 516272 23269 845898 171795 515083 
5300 24911937 1011597 569746 524702 23805 863333 178084 525805 
5400 25778629 1032464 579151 535026 24162 880073 178857 535182 
5500 26781091 1053662 591531 545737 24658 899063 185953 545510 
5600 27760112 1077540 604276 557017 25041 919281 187633 554364 
5700 28780603 1095664 615803 563705 25488 935579 191950 564144 
5800 29764704 1120398 626491 575286 25949 955704 197032 576209 
5900 30811946 1138737 638518 584355 26471 968952 199857 584252 
6000 31882184 1160870 650269 594584 26836 986535 206119 594394 
6100 32953184 1182931 662242 606068 27337 1004758 208387 604065 
6200 34063515 1203906 674063 614949 27842 1024706 211335 614657 
6300 35085603 1226052 685774 626647 28592 1040635 216062 624419 
6400 36281417 1251733 698867 633571 28643 1058885 216360 634751 
6500 37394954 1268808 709871 644257 29059 1075182 222955 644287 
6600 38593289 1292333 722040 655891 29609 1094399 225279 654009 
6700 39714058 1319304 734401 663626 30023 1110404 227903 663623 
6800 40955654 1334507 746159 675405 30512 1128527 234220 672711 
6900 42090770 1358337 757177 685494 30900 1147302 237022 682652 
7000 43345504 1380047 771526 695953 31550 1166427 241962 693217 
7100 44625836 1405015 782057 704131 31849 1182281 244185 703218 
7200 45876067 1424425 794409 713650 32178 1200902 247132 713432 
7300 47161209 1444753 807372 721050 32606 1217472 254869 721640 
7400 48466469 1467906 819752 732642 33078 1235563 261721 732129 
7500 49823345 1488795 828736 744344 33572 1253323 265029 742000 
7600 51018105 1512357 839989 753916 34010 1268598 268441 752004 
7700 52461894 1537102 856237 765722 34521 1289754 272602 763963 
7800 54420449 1571957 879247 777623 35054 1317637 280160 778417 
7900 55271307 1581778 881836 784377 35432 1323914 280235 783431 
8000 56593565 1603524 891420 793378 35961 1340912 281590 791307 
8100 58247232 1630026 903383 804419 36274 1362316 284014 802839 
8200 59651489 1648964 917924 813939 36749 1380369 283475 812367 
8300 61485699 1680373 936693 828708 37770 1408441 287933 828553 
8400 63313947 1716592 959232 841105 37940 1437021 293079 844380 
8500 64644593 1739803 967554 855469 39058 1449629 296112 851321 
8600 66560998 1756032 987001 859152 40040 1493944 303268 867645 
8700 67290522 1766827 984314 863711 39504 1478457 300134 863753 
8800 69098954 1788331 996563 881345 39502 1502438 309779 875406 
8900 71837680 1847325 1011654 905816 40293 1530571 316797 890312 
9000 72347250 1836830 1022900 898259 40480 1548004 320437 897486 
9100 73537395 1849666 1029087 902116 41141 1552759 318857 902505 
9200 75910812 1888581 1051343 918020 41513 1585200 321700 915682 
9300 77412622 1912323 1062215 924410 41757 1601971 328256 930871 
9400 78265531 1918408 1065206 934358 42275 1612287 331700 931347 
9500 80230279 1943539 1076397 946442 42571 1625436 336481 938855 
9600 81718049 1958027 1083974 951075 42965 1643643 342750 948845 
9700 83168742 1981282 1097347 963042 43464 1665286 345280 961214 
9800 84918357 2003834 1106912 971399 43806 1682864 347832 969487 
9900 86512963 2032453 1126840 985202 44782 1699846 353000 979129 
10000 88356779 2048491 1132115 1145335 44723 1721045 355308 989803 
