N Insertion Heap Quick RadixLSD InsertionSorted HeapSorted QuickSorted RadixLSDSorted InsertionEqual HeapEqual QuickEqual RadixLSDEqual InsertionReversed HeapReversed QuickReversed RadixLSDReversed
100 27418 25783 16740 21424 1157 23674 5332 16673 1142 3645 6896 9103 49147 19475 5286 16498 
200 56134 33959 21191 24885 1253 32402 6632 24924 1247 3975 8581 9478 106680 27151 6792 24728 
300 85431 38663 23398 24721 1291 36718 7535 24722 1283 4121 9529 9500 166018 31971 7595 24564 
400 145081 52265 31321 31397 1658 48710 9849 31346 1653 5292 12599 12016 282847 44057 9960 31207 
500 223655 69057 41214 39041 2079 63992 13219 39252 2075 6610 16387 15065 442932 58402 13285 39157 
600 326057 85800 50495 46892 2557 78907 16281 47107 2531 8054 20330 18152 642733 73196 16324 46806 
700 438607 101498 60863 54216 2949 93802 18840 54580 2900 9725 23820 20778 867118 87582 19495 53759 
800 570630 118439 69146 61018 3396 107982 21834 61107 3290 10627 27420 23560 1121461 100723 21914 60660 
900 737903 137628 81289 69839 4185 126017 25863 70571 3793 12050 31681 27190 1502353 121187 25697 72012 
1000 890660 153700 89819 92339 4176 137669 28946 76766 4173 13302 35802 29643 1768772 130735 29096 76337 
1100 1061764 169353 98398 108350 4517 151699 30641 108971 4905 14444 38900 32098 2109486 143673 30755 108448 
1200 1270249 186791 108619 118726 4920 168185 34787 118945 5024 15901 43100 35015 2523884 159055 34810 117662 
1300 1489613 205915 117857 127359 5312 181984 36907 127476 5306 17198 46619 38016 2954639 174339 37843 128072 
1400 1751169 226035 131867 139772 5833 200572 41537 139500 5812 18852 52170 41182 3476115 190684 41844 139837 
1500 2008276 245174 141465 149796 6483 217019 45850 150822 6209 20322 56146 44462 3995157 206924 46150 148879 
1600 2313599 271012 155468 162050 6842 238702 48047 163106 6772 21372 60806 47547 4595103 223375 48508 169377 
1700 2597295 283472 165582 170177 7102 250707 52035 170061 7164 22654 66227 50615 5152053 241491 52080 171595 
1800 3617275 373619 199924 210915 8448 331943 63581 212373 10711 35141 77887 64572 6759123 290439 63841 209927 
1900 3359175 336152 193019 195280 8331 296378 62643 194198 8280 26177 74752 57834 6591526 276505 61711 192446 
2000 3513316 335295 191939 196117 8244 290535 61763 196354 8244 26637 76456 58597 6998814 280552 62141 196541 
2100 3882976 356013 203611 207184 8687 309778 63145 206533 8673 28008 79629 61263 7736234 296119 63614 206160 
2200 4265756 376064 214474 216508 9110 326140 66552 218901 9077 29017 84579 64346 8494748 311746 67185 216054 
2300 4628662 391037 224710 224676 9511 341010 68744 225609 9458 30352 86550 66604 9227040 325765 69837 225620 
2400 5065808 413510 234847 235252 9894 358674 75037 234875 9883 31677 93453 69587 10048371 342849 75304 234714 
2500 5487958 433205 246534 245731 10323 374402 78336 245198 10335 33116 97619 72590 10939854 359108 78824 245041 
2600 5906224 449561 256195 253397 10654 389921 79876 253468 10677 34135 100815 75587 11755829 374176 80599 253298 
2700 6397658 473484 269140 265550 11122 408774 84143 264784 11133 35630 106112 78472 12727921 392527 84541 263877 
2800 6989929 498386 284587 279079 11750 432227 90092 278549 11702 37477 110761 82319 13909005 411997 89908 278212 
2900 7500142 518072 297102 288984 12360 447564 94918 288214 12090 38993 118622 87065 14970101 431443 94316 287578 
3000 8352668 593229 313695 307070 13120 481487 100954 313341 12524 40437 120585 88275 16206444 445385 99853 299264 
3100 8898552 586257 339996 319573 13760 500601 103141 318922 13216 43247 129943 93977 17894127 472562 107938 324973 
3200 9259643 585317 336147 321801 13628 506445 103938 320965 13614 43237 131358 95262 18453468 479910 104464 322367 
3300 9890497 611800 356881 335439 13980 528064 111648 337088 13942 45048 135892 100062 19714746 520322 111098 336747 
3400 10289446 620787 354193 338015 14184 535624 111001 336863 14404 45368 141430 100505 20517619 511115 111601 338687 
3500 11255572 670634 369442 360609 14940 561869 123899 357113 14930 47572 148665 106634 23665763 558229 120444 364070 
3600 12016688 696026 399620 376566 15534 582278 123059 369682 15826 49402 150164 107880 24173412 561690 122189 369584 
3700 12569184 705897 408659 388087 17170 609441 132086 401883 16487 50397 160060 112859 25601832 581756 130573 378377 
3800 13112212 717982 411278 381472 16826 612529 129493 384685 16559 56797 170993 118962 26723147 658923 186225 475905 
3900 14419275 747447 421028 405647 17646 643506 136300 405477 16819 54926 164079 115690 28508555 607884 135085 397037 
4000 14149724 740795 417917 395063 16718 632779 132564 395410 16623 53275 165086 116963 28223954 605883 133923 395039 
4100 15110500 767609 443219 411106 17224 670624 138788 429106 17245 55376 174116 122179 30289250 624351 137782 408679 
4200 16132834 804381 462599 422500 17581 678775 137634 420930 17972 57502 176374 125737 32191125 652124 139439 430343 
4300 16392881 804777 452731 425092 18164 687487 140593 424736 18051 57502 177309 126594 32717835 658284 142021 426048 
4400 17124440 823488 463760 433470 18406 702705 143685 434061 18390 58661 182471 128700 34178529 673103 146075 433600 
4500 18388769 859929 483434 454432 18967 729133 149805 449564 19740 61555 190712 135955 36605039 712856 153449 452945 
4600 18768684 867520 487790 454831 19122 738964 149348 454243 19288 61398 188942 134599 37386103 706411 151680 455250 
4700 19548229 888474 500589 467740 19610 755268 155689 463867 19552 63042 195783 137631 39138038 723796 158207 463437 
4800 20448036 909247 513951 476055 19946 773796 161290 473809 20034 64097 202557 140663 40797732 742050 163782 477559 
4900 22550215 955235 544223 513925 20966 820329 172467 509982 20747 66418 208593 145722 43626977 770817 168683 493908 
5000 22677438 983325 554010 505905 23833 825275 175143 519952 21742 72037 219886 152134 45226122 780600 173348 506002 
5100 23019564 969903 549980 506362 21335 826146 168908 504454 21207 68245 216328 150613 45984866 794659 172082 504569 
5200 23973459 992380 560988 515403 21631 843412 173075 514801 21613 69754 220252 152942 47871766 810173 175308 515849 
5300 24949588 1015322 573089 527778 22333 867065 179229 525977 22547 71642 225085 156311 50404645 831891 183466 526695 
5400 25912561 1057683 584234 535812 22515 887084 181265 535132 22592 72660 229970 158298 51904075 847105 184232 536262 
5500 27002317 1060614 597754 547744 23152 905058 188376 549517 23130 75146 235207 164858 54128438 868549 190750 553827 
5600 27722992 1076067 602900 552055 23379 915499 188239 553459 23270 74667 236094 163960 55345580 877816 192274 552528 
5700 28739750 1097298 617192 562056 23769 931718 190872 561372 23713 76005 241788 167222 57309572 893616 194813 561565 
5800 29781337 1118519 627249 572513 24167 949180 197646 572581 24343 77172 249526 169967 59462628 911778 199714 572083 
5900 31272720 1159630 653635 592196 24981 983311 203416 588402 24906 80498 256658 175577 62478705 943078 207212 588588 
6000 31925198 1164397 654406 591869 25001 988393 206688 593567 25044 80193 256862 176277 63769552 947587 210220 592445 
6100 32873356 1182487 662793 601142 25306 1003589 207619 602534 25392 81291 261312 178892 65667772 966150 211528 602856 
6200 34017272 1205850 674263 614516 25847 1023749 211552 611173 25918 82833 265180 180817 67887904 977761 213848 611414 
6300 35123807 1229932 689192 623219 26172 1040937 215672 622639 26134 83942 269689 184394 70074573 997075 218752 622162 
6400 36256896 1251005 701344 631916 26682 1058714 217007 632993 26782 86284 277137 187400 72335609 1013444 219433 630674 
6500 37432035 1272898 713313 644127 27415 1080910 223197 641496 27230 86795 281653 190360 74714210 1033251 225760 640860 
6600 38561103 1296313 725401 650846 27517 1094679 225980 653597 27362 88655 284465 193443 76976473 1051593 229987 650284 
6700 39708860 1318437 734977 662051 28022 1109987 229642 660947 27954 89758 290161 196111 79308385 1067492 231651 661945 
6800 40890295 1336211 747505 672391 28259 1129314 234513 670618 28335 91312 298475 198821 81562550 1085482 237731 668514 
6900 42386678 1369036 768749 686130 29269 1155573 239780 686123 29046 92972 304951 203753 84765362 1111757 242573 688632 
7000 43343505 1379321 769689 690128 29109 1163487 242441 690387 29201 93224 305170 204103 86477324 1120180 245740 691895 
7100 44545587 1404718 783231 701967 29596 1181738 244108 700774 29471 94509 308769 207497 88981079 1139008 248607 701465 
7200 45887176 1425138 793757 712271 30329 1199029 247580 710952 30219 96357 312182 210609 91635986 1155073 251680 711470 
7300 47134421 1447193 808645 717997 30573 1217433 257249 722315 30435 97787 320390 213320 94228152 1177200 260879 720692 
7400 48865072 1479944 826840 748328 30810 1248772 264277 739515 31087 101424 330312 220389 97297803 1229900 271290 737972 
7500 50091224 1496807 834765 743697 31389 1267059 265978 742945 32271 100560 341915 228089 99868827 1231342 275230 760435 
7600 51321434 1517863 845902 761117 31659 1280379 269487 753867 32014 101990 337449 222423 103365516 1232280 274835 758570 
7700 52907662 1556550 866424 766114 32365 1302692 273997 767392 32250 103655 340253 226440 105494771 1249033 277211 760462 
7800 53716714 1558197 870569 773947 32434 1306193 277049 769540 32501 104001 344465 228143 107668651 1267303 281137 771904 
7900 55106152 1577832 880883 782372 32907 1320930 278949 778105 32810 105298 348961 230683 110058933 1279401 284128 781929 
8000 56541506 1601045 892498 793131 33373 1339032 281909 788955 33266 106716 352189 233740 112834816 1294296 287214 793444 
8100 57979092 1623826 904317 805682 33587 1355826 283178 797175 33579 107710 354803 236369 115562877 1314080 287457 801399 
8200 59366351 1652211 916820 813183 34072 1379169 283539 810661 34163 109263 364706 240059 118572205 1329924 287385 815414 
8300 60766936 1668603 926639 821792 34475 1398739 285679 818722 34502 110697 361621 242880 121400320 1345663 289889 823192 
8400 62241540 1690542 940942 832116 34944 1413532 288585 827940 34860 112266 366696 245098 124302331 1364353 293259 830412 
8500 63799295 1712149 953169 842605 35354 1431854 292861 838329 35330 113292 371847 248201 127246241 1384742 297582 844251 
8600 65130209 1732655 963151 857338 35735 1449543 296844 847548 35824 114380 376323 251025 130291274 1404700 301895 850787 
8700 67170962 1767788 984928 865075 36352 1481580 300211 863045 36322 116201 382579 256264 134272820 1426177 305827 864826 
8800 68573387 1781627 992574 874977 36632 1494472 307567 870927 36945 117493 389273 257396 136972448 1447921 311080 874613 
8900 69997746 1805516 1001105 883744 37273 1510455 312269 879660 37292 119192 395167 259459 139998583 1463327 317119 883851 
9000 71434647 1820857 1009309 889523 37446 1523643 314504 888562 37315 119740 396512 262369 142547954 1475400 318696 890269 
9100 72980672 1841075 1020062 897816 37828 1541970 317407 895012 38954 124459 408420 271161 146020180 1521680 328404 918858 
9200 74416610 1867799 1033828 910228 38176 1561450 317422 905054 38253 122307 399511 268227 149018178 1508682 323045 910269 
9300 76115213 1892928 1048985 920117 38652 1580907 324547 915117 38566 123724 407273 271017 152284020 1524015 329209 919875 
9400 77814829 1910001 1059645 929326 39028 1599272 330815 924953 38997 125027 415645 273801 155496080 1553267 337350 929537 
9500 79826252 1941712 1082512 942586 39712 1623310 336434 937942 39670 127006 424035 277638 159448568 1567753 341912 944207 
9600 81722453 1965354 1093467 951639 39962 1647757 343600 951745 40146 128971 434915 281708 163227542 1592259 350948 957427 
9700 83016874 1979197 1098864 960417 40256 1657191 343382 956732 40758 130061 434779 282790 165866953 1603563 350158 962854 
9800 84640524 2005481 1109190 975429 40651 1683784 347246 966727 40668 130199 438407 285691 169041009 1622616 352977 969678 
9900 87184875 2037216 1125433 981202 41251 1704169 354161 983128 42197 133498 452938 292844 176168248 1662058 361641 991375 
10000 88650519 2051057 1139278 1121559 41677 1719948 358851 987437 41744 133893 450040 292608 177158513 1659762 363964 992723 
